world: lobby
x: -87.68500636617095
y: 45.0
z: -226.40743802254963
yaw: 0.1347351
pitch: 89.68565
